2 0.2862702012062073 0.5618323254955959 0.2121715545654297 0.86830645137363
2 0.6021392345428467 0.7325998347141005 0.16030073165893555 0.5307474136352539
2 0.7655907887647583 0.7297558124471353 0.20124471187591553 0.5309827592637804
2 0.15622909701470628 0.6358308132100746 0.11171460896730423 0.49882708655463326
2 0.09042670224306934 0.6121952831180068 0.15563732385635376 0.4505537880791558
2 0.8449434638023376 0.4986250135633681 0.07087647914886475 0.2340476777818468
2 0.6021549701690674 0.40848186280992294 0.056768178939819336 0.14843167199028862
2 0.49666863679885864 0.3964323467678494 0.06321477890014648 0.29604117075602215
2 0.5501930564641953 0.49788452519310844 0.10410407185554504 0.1844238970014784
2 0.6769245789726439 0.5396049485136081 0.0849606990814209 0.23118334346347386
2 0.5316096544265747 0.3930745919545491 0.04275929927825928 0.21222109264797634
2 0.4390956163406372 0.4919100734922621 0.10001802444458008 0.18219060368008083
2 0.748449630908185 0.4359173012539253 0.07847869396209717 0.12127330568101671
2 0.772773265838623 0.4024642308553059 0.05151176452636719 0.13375971052381727
2 0.6911677122116089 0.44110499487982857 0.041233062744140625 0.11172760857476129
2 0.4009479284286499 0.4101938141716851 0.040503621101379395 0.15108447604709202
2 0.8295938968658447 0.5683659977383084 0.09085702896118164 0.2584659788343642
2 0.865094780921936 0.4531905386182997 0.05212712287902832 0.16853311326768664
2 0.8109805583953857 0.3875211609734429 0.05021786689758301 0.08957068125406902
