0 0.6566570997238159 0.5868190852078524 0.28049659729003906 0.8229310295798562
0 0.9004597663879395 0.5804050727324053 0.19823622703552246 0.4666427048769864
0 0.4391724169254303 0.5795628807761453 0.23540502786636353 0.8384893590753729
0 0.1964092254638672 0.670331434770064 0.32517004013061523 0.5564741654829546
0 0.7878287434577942 0.4017678174105557 0.06961536407470703 0.33797298778187146
0 0.2179078608751297 0.55585731159557 0.19211474061012268 0.3427065069025213
0 0.27587053179740906 0.5562692122025923 0.15193068981170654 0.34650386463512073
0 0.9533129930496216 0.811829306862571 0.09275388717651367 0.27867976101962005
0 0.582051694393158 0.3279784375971014 0.05637001991271973 0.157767729325728
0 0.8404128551483154 0.3897093426097523 0.05993151664733887 0.27271184054287995
0 0.8802880644798279 0.5292834368619052 0.17615723609924316 0.3699769106778232
