0 0.6861798286437988 0.707267165184021 0.5677194595336914 0.585465669631958
0 0.35447824001312256 0.445054829120636 0.14099535942077637 0.14938175678253174
0 0.47227158546447756 0.6776731610298157 0.34489126205444337 0.5143194198608398
0 0.47476749420166015 0.3916018009185791 0.0893850326538086 0.06118762493133545
0 0.23530187606811523 0.6092688888311386 0.4038829803466797 0.7483918964862823
0 0.6958436012268067 0.37675267457962036 0.108526611328125 0.06553494930267334
0 0.9405654907226563 0.5137109607458115 0.11793365478515624 0.17103317379951477
0 0.5736671447753906 0.406031996011734 0.12020702362060547 0.09578526020050049
0 0.6291114807128906 0.3938058018684387 0.05696926116943359 0.05114924907684326
0 0.787843894958496 0.3940090537071228 0.07899589538574218 0.06840932369232178
0 0.8862752914428711 0.44649550318717957 0.1284503936767578 0.16256862878799438
0 0.9819773674011231 0.38786593079566956 0.035225296020507814 0.05884331464767456
