1 0.7185133695602417 0.6232288533991034 0.205643892288208 0.7540430589155718
0 0.3699108958244324 0.4578059369867498 0.21234345436096191 0.19748089530251242
1 0.26252274960279465 0.5221213319084861 0.09402765333652496 0.5387098355726763
1 0.6145100593566895 0.4308194247159091 0.08240532875061035 0.31883239746093744
1 0.5101310610771179 0.38069954785433685 0.04062056541442871 0.1912358890880238
1 0.5437288284301758 0.380624077536843 0.04936695098876953 0.22323669086803088
1 0.41186368465423584 0.3219864151694558 0.03550446033477783 0.09684432636607777
1 0.5769460201263428 0.3699263767762618 0.03134620189666748 0.1767577908255837
1 0.6726099252700806 0.33672129024158826 0.05708622932434082 0.13007831573486328
1 0.46638997395833337 0.35026041666666674 0.08072916666666669 0.19034090909090914
