0 0.5455247759819031 0.6984267461867559 0.2492583990097046 0.6017677670433408
0 0.11403298377990723 0.6896066211518788 0.22719919681549072 0.6161604381742931
0 0.37707558274269104 0.5938141686575753 0.22682350873947144 0.8106303442092169
0 0.9172730445861816 0.3175011589413598 0.06557965278625488 0.22452418009440103
0 0.8468994498252869 0.33370717366536456 0.06658005714416504 0.2761346726190476
0 0.44587182998657227 0.3592377844310942 0.0898277759552002 0.3476913542974563
0 0.6339922547340393 0.37784619558425175 0.09794032573699951 0.15557638804117838
0 0.9346750974655151 0.4824165957314627 0.13035833835601807 0.29074262437366305
0 0.7173522710800171 0.5442262377057757 0.18321824073791504 0.29940868559337797
0 0.4683167636394501 0.47897747584751676 0.10376840829849243 0.17765608287992932
0 0.4660188853740692 0.4151060013543992 0.09848755598068237 0.20778002057756698
